0.0591431
-0.0188921
-0.0301575
0.0767835
0.0185271
0.0491089
-0.0129251
-0.0485204
0.0571784
0.118322
-0.0035078
-0.0118551
0.035661
-0.0110872
0.114942
0.0161991
-0.0214335
0.0936186
0.0267137
-0.0462142
-0.0201955
0.0654457
0.0655364
-0.0121543
-0.0525229
-0.00873746
0.041614
0.0634304
-0.00567253
-0.0399309
0.049015
0.039712
0.0753381
-0.0178222
-0.017165
0.0562094
0.0574376
0.00591545
0.0290446
0.0231166
-0.0217183
0.0621145
-0.0175854
-0.0122064
0.0670752
0.0548784
0.0178601
0.0211381
0.0686499
-0.0243477
0.00957583
-0.00569494
0.00671532
0.0426158
0.0269176
-0.000624267
-0.0127817
0.00759113
0.0438602
0.0424537
-0.0366142
-0.0236742
0.0410363
0.0653236
0.000638618
-0.0206105
0.0674825
0.0623587
0.00550052
-0.0297933
-0.0235352
0.0543289
0.0294152
0.0222034
0.0134881
0.0737464
-0.0227607
0.0339076
0.00668275
0.0203495
0.0116255
0.0608354
0.0378756
0.0194925
0.0637478
-0.023505
0.0559696
0.0123461
0.0391013
0.046466
-0.0155361
0.00762478
0.00459177
0.0458755
0.0748225
0.0298674
0.00879516
0.00728465
0.00770648
-0.0340473
-0.0181389
-0.0214783
0.00541338
0.0282493
0.0273017
0.0229409
0.0155304
0.00465767
0.0204951
0.0566189
0.0218479
0.0315578
-0.0611359
0.00339803
-0.0109762
0.0112162
0.0146378
-0.0372166
0.0168259
-0.0345478
0.0047811
-0.0954491
0.00780701
-0.041111
-0.0210213
-0.0173488
-0.0183553
0.0174643
-0.00752308
-0.0286515
0.00677194
-0.00574747
0.0327109
0.0192006
0.0189929
0.0112199
-0.0241611
-0.0585016
-0.0467469
-0.00186206
-0.0315644
-0.0257608
-0.0258698
-0.026553
-0.0506308
0.0383211
-0.0246663
0.0449974
-0.0160291
0.0486131
-0.0156929
0.0184285
-0.0194897
-0.0592545
-0.0311335
-0.0738324
0.00134435
-0.0388087
-0.00884719
-0.0555747
-0.0044611
-0.0109607
-0.00955665
0.0306017
-0.0434638
-0.020063
0.0917094
0.0514409
0.0347182
0.0916605
-0.00704488
-0.0179046
-0.00484324
-0.0954305
-0.0257043
0.0825704
0.0244411
-0.012377
0.0515214
-0.00257618
-0.0379295
-0.0298908
-0.0650361
0.0289299
-0.0237003
0.0197317
-0.0419439
0.03507
0.0132573
-0.0226314
-0.0197549
-0.0789257
-0.0204767
-0.0974037
-0.0219791
-0.09842
-0.0147163
-0.010817
0.0174747
0.0212593
-0.0556378
0.0488459
0.106719
0.0586542
-0.0458582
0.0649345
0.0116829
-0.00037643
0.00175463
-0.0610298
0.00588242
0.0661269
-0.000374312
-0.0595924
0.0204746
-0.0301448
0.0398316
0.0179922
-0.0390595
0.0557515
-0.0380036
0.0214196
-0.0618083
0.0188862
0.0405581
-0.00542163
-0.00950392
-0.0632866
0.0135257
-0.0761343
0.0110961
-0.0779743
0.024643
0.0291861
0.0154231
0.0156248
-0.00356363
0.064707
0.0962691
0.0204215
-0.0432124
0.0434767
0.019853
-0.0317613
-0.021783
-0.0491674
-0.00920169
0.0142274
0.00799595
-0.100863
-0.00809984
-0.00269278
-0.00179
0.0315108
-0.0322325
0.0429753
-0.063589
0.0393574
-0.0421458
0.0716925
0.0398895
-0.0339175
-0.0306249
-0.0660851
-0.0407022
-0.105234
0.0364228
-0.0401349
0.0407795
-0.024817
-0.000675173
0.037845
0.0110194
0.0466256
0.0298569
0.0293081
-0.0311504
0.0588164
0.030461
-0.0100313
0.0149147
-0.0170612
0.00965475
-0.00229107
-0.0034433
-0.0205067
0.0318501
0.01818
-0.0524903
-0.0408983
-0.0259308
0.0402001
-0.0414083
0.0784076
0.0016009
0.0310617
-0.0294212
-0.0102956
-0.0245132
-0.062839
0.0393064
-0.0529467
0.0411595
-0.0137343
-0.0142018
-0.0128375
0.0182871
0.0135597
-0.0184889
0.022639
0.015996
0.0362853
-0.00918419
0.0493676
0.00337764
-0.0129734
0.0131311
-0.0594871
0.0312122
0.000581868
0.00141585
-0.0452611
-0.012208
-0.0290895
-0.0280626
-0.0257776
-0.0753515
0.0385021
-0.0825641
0.00766297
-0.0403771
0.0124928
0.00925177
0.00601202
-0.0475128
-0.115522
-0.0339922
-0.112125
-0.00371941
-0.0391205
0.034145
-0.00100339
-0.0136446
0.00402135
-0.0277992
0.06299
0.00240524
0.00697257
-0.0283567
0.0386605
-0.0036056
-0.0105057
0.00558684
-0.0352073
0.000883183
-0.00536579
-0.0239817
-0.0543272
0.0366269
0.0170197
0.00615052
0.00184989
-0.064494
0.0275747
-0.0939508
0.0208239
-0.0249303
0.0290224
0.00226882
-0.0301961
-0.0133595
-0.0394463
0.0377959
-0.0729351
0.0305194
-0.0253619
-0.01149
-0.0530457
-0.00619189
0.0221075
-0.0165985
0.0369785
0.0137858
0.0124717
-0.0337226
0.0111624
-0.00979853
-0.010783
-0.00997082
-0.0241653
0.0261157
0.0312155
0.0216966
-0.0370898
-0.00533752
-0.0196596
-0.0273382
-0.00592427
-0.0182685
0.0687135
-0.0127258
0.051235
-0.0155943
-0.00236446
-0.0295254
-0.0382352
-0.0154151
-0.0711099
0.00347227
-0.0870634
0.0143155
-0.0760218
-0.0302502
-0.0328884
0.00752355
0.000285077
-0.0375256
0.0380446
0.0593117
0.0556847
0.00766009
-0.00529956
-0.0128176
-0.0588573
-0.0197823
-0.0452822
-0.0122301
-0.000252782
0.0108027
-0.0176393
-0.0507287
-0.0367078
-0.0510132
0.0260026
0.0319187
0.0645783
-0.0596857
0.0468793
-0.0252814
0.00328308
-0.0278788
-0.0553835
-0.00784314
0.0210114
0.0289666
-0.0792388
-0.0336711
-0.00427082
0.0064465
-0.0190292
-0.020295
0.0395366
0.0495163
0.0729881
0.0340013
0.0444148
0.0396618
0.0331039
-0.0307805
-0.0182169
-0.00199123
0.00783068
0.0106994
-0.00784511
-0.00452613
0.0360271
0.0263676
-8.91833e-005
0.0214341
0.05936
0.0938077
0.0734334
-0.0655501
-0.0135323
-0.00509472
0.0329161
0.0375436
0.0225708
0.00485409
0.0328821
0.0479295
-0.0296458
0.0387121
-0.0215699
-0.0389614
0.0165569
0.0121885
0.021804
0.0181153
-0.00278212
-0.00260494
0.0187917
-0.00343014
0.0201841
0.0457214
-0.0147174
-0.0243041
-0.0121606
0.0163567
0.0091429
0.0318718
-0.0602216
-0.04136
-0.00746855
0.0750407
-0.0189976
-0.0216892
0.047468
-0.093859
0.0759779
-0.00447863
-0.0288194
0.0590095
0.0097707
-0.065804
-0.0284066
0.0271999
-0.12505
0.0781001
0.0261648
0.0151766
0.0334085
0.067464
-0.0443467
-0.0327956
0.0459607
-0.03065
0.0286034
-0.0462591
-0.0388069
0.051452
0.0174363
-0.0648521
-0.0317342
0.0131902
-0.043965
0.0226182
-0.0262277
-0.0318816
0.0135801
0.0345243
-0.0289127
-0.00987511
0.0493335
0.0999143
0.0210883
-0.037051
-0.015161
-0.00817445
0.0916473
0.00638873
0.000830203
0.0356047
0.0614111
0.0500342
0.0122903
0.0264187
0.0786446
-0.00117168
-0.0503943
-0.0347941
0.0366185
0.0610089
0.0323629
-0.0186873
-0.0428859
-0.0184245
0.0831665
-0.0122762
-0.0515837
-0.00564161
0.0269155
0.0107113
-0.014494
-0.00157213
0.095346
0.0543502
-0.012022
-0.0258008
-0.0243686
0.0650828
0.0340323
-0.0288418
0.0061604
0.054898
0.0707808
-0.00772667
-0.0237328
-0.0332605
0.0746885
0.0277907
-0.0129781
0.0166812
0.0686328
0.0157658
-0.0465405
-0.0237514
-0.0426987
0.0754591
0.0546795
-0.0369091
-0.0627278
0.0258212
0.0519927
-0.0392704
-0.0244246
-0.0603975
0.0334849
0.0190725
-0.0747854
-0.0550704
0.0250439
0.0309069
0.0036956
-0.00835717
0.0120495
0.100446
0.0364063
0.00310555
0.0147395
0.0472353
0.00928685
0.00585752
-0.0179279
-0.0248801
0.043832
0.0580554
0.0471669
0.0658716
0.0508138
0.0231422
-0.0614718
-0.0485141
-0.0534936
0.0801556
0.0227872
-0.0383425
0.0120453
0.0429754
-0.0325105
-0.065625
-0.0261423
-0.0051076
0.0553517
0.0120411
0.0213833
0.0655962
0.0141773
-0.00304767
0.0134562
-0.034142
-0.0898966
0.00704222
-0.00617386
0.0344971
0.0291062
0.0196483
0.0402828
0.0536623
-0.0490729
-0.0990913
0.000504728
-0.0147862
0.000181113
0.000538822
-0.0307417
-0.0281263
0.054137
0.103053
0.0155097
0.0250809
-0.0221001
0.0159793
0.0323551
0.00230272
0.0479542
0.169939
0.0520136
-0.0261587
-0.0188329
-0.00652258
-0.000515556
-0.0381094
-0.051731
0.0817223
0.125707
-0.0407305
-0.0668737
0.0501863
-0.00867398
0.010061
0.031011
-0.0171118
0.0583729
0.0462311
-0.13379
-0.0636233
0.0611801
-0.0108948
-0.0547888
0.0112786
-0.0367501
0.097968
0.189828
-0.0390567
-0.0533821
0.0118958
0.0101903
0.00100756
-0.0205379
-0.0703118
0.0556005
0.0700794
-0.125804
-0.0340683
0.0393523
0.00103761
-0.0163427
-0.0318452
-0.0504612
0.0698846
0.0823231
-0.0780583
-0.00714746
0.0747051
0.0407046
-0.0212595
0.0570143
-0.0108529
0.0366212
0.0559321
-0.0515743
-0.0234048
0.0499572
-0.00334736
-0.0416235
0.0423409
-0.0442397
0.0466118
0.104626
-0.0337583
0.0272473
0.0444409
0.0288845
0.0179136
0.0199115
-0.0691946
0.0110967
0.0830771
-0.0250655
0.0166045
0.0244815
-0.0104279
-0.00987764
0.00614598
-0.0744122
0.0152706
0.034649
-0.0141501
0.0209004
0.0576043
0.0218374
-0.00253518
0.0827069
-0.0116968
-0.00388634
0.0146917
-0.0144701
-0.0296991
-0.0123291
-0.0169235
-0.0287728
0.02487
-0.0105955
0.0362281
0.123402
-0.0068893
0.00257799
0.0318186
0.0438823
0.0347561
0.0359781
-0.0302967
0.0474967
0.0880908
0.00270491
-0.0261369
-0.0126773
-0.0154902
-0.0030985
0.00952957
0.0310087
0.0245577
0.0247458
0.00886056
0.0216627
-0.00721929
-0.0291984
-0.0265833
0.0416438
0.0352964
-0.0352445
0.0145543
-0.0164969
0.00625082
-0.00694516
-0.019309
-0.0342457
0.00466539
-0.0197215
0.0965412
0.0998945
0.0226493
0.00687087
0.00460491
0.0164842
0.0100543
0.0475898
0.0187371
0.0487693
0.0127614
-0.013874
0.0304391
0.0504898
0.0793189
0.0194918
0.0484464
0.079331
-0.0243884
0.0235401
-0.0151694
0.0303535
0.0433286
0.0270493
-0.0470279
-0.00521208
-0.0442132
-0.0356963
0.0060129
-0.057604
-0.0139063
0.00991352
-0.0205414
-0.0780399
-0.0544388
-0.0661382
0.0318644
0.0142249
-0.00709623
0.0767202
0.14238
0.117171
0.0489285
0.066995
0.0393923
0.0384034
-0.0353406
-0.037393
0.0571848
0.122719
0.0986515
-0.00585056
-0.000250908
0.0122667
-0.0258223
-0.0065744
-0.0348642
-0.00101971
-0.00088957
-0.0247735
-0.0453204
-0.0160628
-0.0338431
-0.0597066
-0.01498
-0.0413265
-0.0381344
-0.0127466
-0.0124658
-0.0332056
0.00239735
-0.0525809
0.0132765
0.0166615
-0.0338017
0.00680786
0.0637977
0.0651262
-0.0536022
-0.0278975
-0.0443721
-0.0176736
0.0244353
-0.0318798
0.0101096
0.0549196
0.0275717
-0.0596787
-0.050694
-0.026052
-0.0509126
0.00482713
-0.0456261
-0.0225923
-0.00526323
0.00142878
-0.0706644
-0.0268564
-0.0704563
-0.0407405
-0.0314399
-0.0742643
-0.030769
-0.0138705
0.001552
-0.0622981
-0.0468847
-0.0575217
0.00527997
0.0341006
-0.00877571
0.0463492
0.105291
0.0815578
-0.030876
-0.0151374
-0.0376449
0.0242314
0.0476927
-0.0276755
0.0373421
0.117326
0.0671915
-0.0357385
-0.0483759
0.00800448
-0.0218586
-0.0100623
-0.0476347
-0.0231058
-0.00616613
0.00299843
-0.0544233
-0.00885501
-0.0456181
-0.0622156
-0.00182426
-0.0336716
-0.061832
-0.0583728
-0.0285036
-0.0490591
-0.0422672
-0.0833
0.0199164
0.0406705
-0.029819
0.029211
0.0615755
0.0761061
-0.0286616
-0.0293269
-0.0265454
-0.018679
0.0295042
0.0115174
-0.00112631
0.0499022
0.0606387
-0.0375402
-0.019139
-0.027252
-0.0478672
0.0165886
0.0171551
0.0265314
-0.0248643
-0.0222994
-0.00500233
0.0123043
-0.0765992
-0.0523332
-0.0510097
-0.0626761
-0.053234
-0.0878174
-0.0578902
-0.0302409
-0.0229979
-0.0484029
-0.000951894
0.0814511
0.0704187
0.0884939
0.0879629
0.100041
0.0519568
0.0846644
0.0134794
0.0150795
0.0437112
0.0212363
0.0360797
0.0285487
0.0840415
0.064845
0.0689
-0.00426995
0.0165549
-0.0150864
0.00982501
-0.0286843
-0.0171108
0.0541128
0.0232885
0.0121568
0.046368
-0.00893169
-0.0479586
-0.0205774
-0.037615
-0.0472801
0.012567
-0.0461433
-0.0210207
0.0304055
0.0599736
0.0343889
0.0480593
0.0459426
0.0691718
0.138679
0.11003
0.0766297
0.0575931
-0.0309482
-0.0603119
-0.0242719
-0.041437
-0.00624837
0.0498024
-0.00166091
-0.0262091
0.00493736
0.0491003
-0.046381
-0.0142228
0.0264897
-0.0175162
-0.000636152
-0.0313013
-0.00800895
0.0617372
-0.0202231
-0.0481837
-0.0330355
0.0646041
-0.00874681
0.0167488
-0.0275887
-0.0377507
-0.00954632
0.037328
-0.0426652
-0.0178494
0.00703075
-0.0217171
0.0300238
-0.0207203
-0.0336706
0.0394734
-0.0343672
-0.0446378
-0.00441245
0.0460775
0.00777318
-0.00126962
-0.0171371
-0.0695073
-0.0592416
0.0201471
-0.0205491
0.0169813
0.0996349
0.0659096
0.0226277
-0.0143285
-0.0140842
-0.0022327
0.0858114
-0.0277585
0.0297821
0.0579978
0.0245435
0.0305886
-0.0425437
-0.00866482
0.109059
0.0408387
-0.022085
-0.0281134
0.01642
0.0282001
-0.0122678
-0.0417898
-0.0167381
0.0549566
0.0792699
-0.0879757
0.0206372
0.0385241
-0.00865781
0.0345166
-0.0566612
-0.0357597
0.123352
-0.0359096
-0.060132
0.0335347
-0.0174359
-0.0102566
-0.0525967
-0.0789903
-0.130288
-0.0444175
0.106074
0.0852529
0.0780506
0.00788835
0.002416
-0.00366283
-0.0348367
-0.0855422
-0.0061861
-0.0280526
0.00837854
0.239613
0.181205
0.0690206
0.0057554
-0.0604035
-0.148778
-0.068505
0.128458
0.187154
0.27034
0.168792
0.0692282
0.0124646
-0.00443715
-0.0464727
-0.000793341
0.0757265
-0.0192256
-0.0452359
-0.0778778
-0.0322198
-0.0254013
0.00279001
0.0557113
0.0819765
-0.0367117
-0.0933092
-0.000215227
0.0321557
-0.0142168
-0.020909
0.0585329
0.144513
0.0599443
0.166779
0.0790268
0.0141678
0.00364553
-0.0216449
-0.0206543
0.0406554
0.153869
0.18903
0.0417815
0.0107919
0.0686474
0.130194
0.0305786
0.00318605
0.156454
0.218547
0.150353
-0.0440468
0.161007
0.296519
0.191642
0.0195916
-0.0608453
-0.00338182
0.0297777
-0.0715971
0.0210698
0.16076
0.1505
0.025867
-0.0731726
-0.0921099
-0.0798036
-0.103382
-0.139527
-0.0696374
0.132602
0.28792
0.24294
0.0401782
0.0202094
0.108962
0.109004
-0.00282592
-0.0972394
-0.0186247
0.0635574
-0.0168147
-0.109577
-0.0733323
-0.0273274
-0.0571547
-0.119018
0.0972346
0.193112
0.0376972
-0.0039256
0.0178829
0.0312235
0.0499953
0.0389668
-0.0386196
0.0301693
0.0389895
-0.0820651
-0.0333394
-0.0117353
0.0327884
0.0491799
0.0435816
0.00496809
-0.0204334
-0.00351082
-0.0623115
-0.0774125
-0.0472517
0.0218463
0.0345132
0.0368268
-0.0572884
-0.0680295
-0.0399461
-0.0927967
-0.0688131
-0.0680224
-0.0111682
-0.00532966
0.0412775
0.000711507
0.0446017
0.0991617
-0.00698093
-0.00243342
-0.0173681
0.0275446
0.0375877
0.0785019
0.0203906
0.0829839
0.165398
0.0328465
0.0192122
-0.00758604
0.0177675
0.00845739
0.0764504
-0.00881941
-0.021614
0.0326881
-0.0337857
-0.0295047
-0.0787332
-0.0301659
-0.0381631
0.0455063
-0.0203281
-0.0216848
0.0472025
-0.0228343
-0.0873385
-0.0726708
-0.038106
-0.0450937
-0.00690007
-0.0624797
0.0846063
0.231466
0.0595585
0.0303423
-0.0168618
0.0503874
0.0256848
0.0729004
0.0196815
0.118402
0.170018
0.00368956
-0.0589203
-0.0439607
-0.00794658
0.0264497
0.0620838
0.0307502
-0.00455176
0.0879727
-0.0313311
-0.035659
-0.0434804
0.0136434
-1.10318e-005
-0.00984065
-0.0676041
0.0100259
0.0348284
-0.0697662
-0.0823257
-0.04213
-0.0453778
-0.0598226
-0.0426523
-0.0412122
0.127749
0.161165
0.0317203
-0.0259652
0.017027
0.0450942
0.0198639
0.110594
0.0787023
0.117721
0.0889728
0.0126023
-0.00458498
0.0380623
0.0725457
0.0628701
0.154816
0.134068
-0.0105511
0.0353954
-0.0572586
-0.0582597
-0.033879
0.0279597
-0.022735
-0.0151896
-0.0771438
-0.0635177
-0.0399051
-0.0640881
-0.0702123
-0.0234675
0.014118
-0.0221991
0.0061055
-0.0313627
0.0797505
0.0325684
-0.0489703
-0.0288453
0.0237423
0.0634502
0.0323298
0.174859
0.152772
0.0684395
0.0187198
-0.0748816
-0.0149386
0.0539634
0.0600511
0.0141798
0.146011
0.0859085
-0.0878499
-0.00641158
-0.0557769
-0.102571
-0.0661417
-0.0064834
-0.02796
0.0471038
0.0252876
0.00645729
0.0417642
-0.0693682
-0.0608113
-0.0275244
-0.0407636
-0.0946667
0.0587513
0.035232
0.0420464
0.033324
-0.0416484
-0.0295813
0.00448656
0.00084165
-0.0771179
0.0484382
0.0411039
0.0615417
0.0585091
-0.0401696
-0.0566681
-0.0320553
-0.0538041
-0.10237
0.00176827
0.0223427
0.0121631
0.0667783
-0.0482923
-0.0407453
-0.0533461
-0.0606477
-0.110467
0.0475195
-0.00680399
0.0597589
0.113684
-0.0121627
-0.0696771
-0.071201
-0.0635491
-0.0616037
0.0416241
0.0420345
-0.00532761
0.0686792
-0.0474905
-0.0464526
0.0131455
-0.0172178
-0.0835996
0.0230824
-0.0466767
-0.00088231
0.0436649
-0.0491657
0.000237047
0.0335585
-0.00593229
-0.0601448
0.0131627
-0.00287651
-0.0198203
0.123596
-0.0378745
-0.0609557
-0.0372721
-0.0421076
-0.0510573
0.0425979
-0.0257783
0.00585497
0.0614045
-0.0694422
-0.0202263
-0.0162463
-0.0429821
-0.0343998
0.0445951
0.0501864
-0.0439089
-0.0105571
-0.0752399
-0.0406002
-0.0550893
-0.0323398
-0.0819164
-0.017382
-0.0312517
-0.0308635
-0.0016136
-0.072611
-0.070041
-0.0405491
-0.037568
-0.0855848
-0.0200951
0.00130812
-0.0115249
-0.00434586
-0.0918772
-0.0571798
-0.0593485
-0.0679594
-0.0859037
0.060045
0.0517074
0.0713204
0.0986712
-0.00970669
-0.0106594
-0.0171185
-0.0447313
-0.0528519
0.110257
0.0901043
-0.0243344
0.0427119
-0.0125324
-0.0280867
-0.0413815
-0.0272272
-0.0283135
0.00528339
-0.0178031
-0.038995
-0.029511
-0.0411853
-0.0802023
-0.0614266
-0.0693826
-0.0467815
-0.0263577
-0.0649851
0.08979
0.143796
0.102031
0.103796
0.0161218
-0.015406
0.000438982
0.0870084
0.0704367
0.0934339
0.0915931
0.0856747
0.0394051
0.0588678
0.0179987
0.0115546
0.0852531
0.0579543
0.0274988
-0.00467136
0.0122588
0.0211755
0.0714017
0.131914
0.0691054
0.0365303
0.0127896
-0.0635497
-0.0982415
-0.0821888
-0.13272
-0.0771686
0.00386063
-0.0376269
-0.0751691
-0.0458744
0.127159
0.121709
0.0731258
0.0975212
0.199668
0.212982
0.157156
0.121256
0.121342
-0.0305069
-0.0840476
-0.0647105
-0.0856706
-0.00153515
0.0276511
-0.0224705
-0.0932904
-0.0152594
0.0474983
0.00657843
0.0251657
0.0290003
-0.0371481
0.0577729
0.00312047
-0.00921898
0.0484241
-0.0374795
-0.0268877
0.0434835
0.0862249
0.000220097
0.0522838
0.000513998
-0.0392025
-0.0756845
0.0517464
-0.0279734
0.0140611
0.0271408
-0.0525943
0.0329256
0.0583339
-0.00667757
0.0681837
-0.0145081
-0.0693638
0.00541937
0.0735265
-0.0396216
0.0317758
0.0126623
-0.0432708
-0.0463061
0.102478
-0.0113404
-0.0420953
-0.0409953
0.0147788
-0.0547227
-0.0685039
-0.0357384
0.0847275
0.137991
-0.0665172
-0.0241311
0.0558581
0.0545094
0.0434111
-0.0173557
-0.022536
0.139433
0.120146
-0.00105202
-0.0658652
-0.0110975
0.0213085
-0.0560792
-0.093253
-0.0422799
0.100572
0.152978
-0.0260529
-0.0359866
0.0519445
0.103251
0.0759604
-0.0111078
-0.0677531
0.130289
-0.115113
-0.0678132
0.134348
0.154629
0.1035
0.0740692
0.0242157
-0.0970012
-0.114081
-0.0288654
0.101347
0.175639
0.136886
0.0728595
0.0768286
0.0550063
-0.0134928
-0.0650935
-0.131591
-0.118861
0.00932632
0.0654057
0.131672
0.178074
0.161991
-0.03448
-0.10748
-0.0723218
-0.0671411
0.0176591
0.0436383
0.0896057
0.129482
0.181665
0.126542
-0.00233726
0.116342
0.0855388
0.0233318
0.0164895
-0.0529618
-0.0185596
0.0183616
0.109123
0.128956
0.0465598
0.0221301
0.053258
0.0525993
-0.0240422
0.0018633
0.102455
0.114948
0.0902544
0.127455
0.105442
0.011806
-0.0387587
-0.0519882
-0.00131951
0.0430928
0.0976071
0.101878
0.104217
0.167943
0.128687
-0.000455375
-0.0200625
0.0275979
0.0680466
-0.000611961
0.0295383
-0.0614932
0.0682743
0.187214
0.1662
0.0427685
0.102645
0.158581
0.0756835
-0.00553351
-0.136705
-0.0911316
-0.0126714
-0.0616242
-0.0581047
-0.0320807
0.0347646
-0.00844896
-0.108104
0.00202869
0.11115
0.172456
0.0941902
0.0627619
0.184133
0.189021
0.0508575
-0.053995
-0.122319
-0.0492873
0.0200807
-0.0456613
-0.04836
-0.0406823
-0.0131215
-0.100251
-0.162249
-0.0553854
0.0123613
-0.00796633
-0.0353697
-0.0307263
0.0507478
0.0456404
0.0640502
-0.0537085
-0.0679313
-0.00596814
-0.0563497
-0.0503898
-0.0833938
-0.05182
-0.030944
0.00230762
-0.0601274
-0.0484793
0.0302953
0.0395419
0.00671872
-0.0586375
-0.0268263
-0.0209518
-0.00532318
-0.0699753
-0.0259047
-0.0136112
-0.0272756
-0.0519264
-0.122101
-0.0832417
-0.102191
-0.0382463
-0.0700351
-0.0329714
0.0292668
0.0182284
0.00524682
-0.0237418
0.00503745
-0.00477244
0.0469937
0.0180536
-0.0625973
-0.00535764
-0.0112342
-0.0323049
-0.0535224
-0.0337017
-0.0332372
-0.014841
-0.0814302
0.0116307
0.0190058
-0.00947412
-0.00887216
-0.04951
-0.0173888
-0.00912468
0.0320138
-0.0503206
-0.079141
-0.0392139
-0.027841
-0.052433
-0.0685833
-0.057986
-0.0339483
0.017999
-0.0634644
-0.0707748
0.0349231
0.0105778
0.0128787
0.0171624
0.0514519
0.0254834
-0.00786336
-0.0769356
-0.0441331
-0.0309986
-0.0347703
-5.62549e-005
0.0513673
0.0441136
0.0189316
-0.0208327
-0.054378
-0.0676185
-0.02521
0.023828
0.0314397
0.00659588
-0.00650484
-0.0139126
0.0425416
-0.0665124
-0.0621408
-0.0554465
-0.000748633
0.0594287
0.060995
0.0195882
-0.0380208
-0.0115007
-0.0486248
-0.0556523
0.0132585
-0.00329495
0.0651963
0.0805195
0.0893063
0.0100863
0.0161693
-0.0784203
-0.0745315
-0.0141953
-0.0316957
0.00822696
0.066223
0.0335355
0.00606082
0.0211502
-0.0968951
-0.0883006
0.0112203
0.0395624
0.122442
0.100938
0.0667114
-0.00823886
0.0153759
-0.0702828
-0.0835469
0.021372
-0.00226117
0.0337789
0.0794915
0.00885762
-0.0271675
-0.00671658
-0.0711465
-0.113446
0.00738799
-0.0297278
-0.0397917
-0.013379
-0.00226865
-0.0467623
0.0314151
-0.0578579
0.0161133
0.101695
-0.0259459
-0.0251815
-0.0151926
-0.020015
-0.0505998
0.0655514
0.00407479
-0.0464195
0.0203452
-0.043223
-0.00131085
0.0231861
-0.0344279
-0.0533245
0.0304538
-0.116523
-0.00103935
0.0319864
-0.0587865
-0.00748481
0.0281888
-0.00325327
-0.0538748
0.0741832
0.0528317
-0.0121545
0.0968578
-0.0424386
-0.0427812
-0.0400755
-0.0525161
-0.0780787
0.037671
-0.0417176
0.0354273
0.167615
0.0353527
-0.0411204
-0.0563334
-0.0228109
-0.0146988
0.104685
0.0550751
-0.0332315
0.00765049
-0.0888722
-0.0625406
-0.041597
-0.039812
-0.0507527
0.0586428
-0.0136148
0.033228
0.0794024
-0.05201
-0.0654732
-0.0477106
-0.0477746
0.0238186
0.12141
0.0491483
-0.0373044
0.117513
-0.0362177
-0.0435159
-0.0227357
-0.0429195
-0.0437943
0.0658168
-0.0300936
-0.0126596
0.0532685
-0.0709129
-0.0326257
-0.0507914
-0.0748562
-0.0696848
0.0394501
-0.012526
-0.0405101
0.0281277
-0.0538927
-0.0395517
0.00879393
-0.0518095
-0.0304674
0.134424
-0.0237373
0.000236535
0.0321985
-0.056894
-0.0312527
-0.00563184
-0.0597238
-0.0969259
0.0487142
-0.0188813
-0.0200804
0.011876
-0.0538842
-0.0563106
-0.0669786
-0.0793712
-0.100695
-0.0304353
0.0139465
0.0524434
0.0773278
-0.0137126
-0.0466479
-0.0532799
-0.0517008
-0.0273463
0.0693931
0.0715656
0.0277424
-0.00596165
-0.10496
-0.069022
-0.0475996
-0.0590327
-0.0821668
-0.00459789
-0.0351086
0.082117
0.0580486
-0.0507397
-0.053322
-0.0383064
-0.039399
-0.0290634
0.0634501
0.0669447
0.0228631
0.0633452
0.0230109
0.0426456
-0.0388057
-0.0211842
-0.0307921
0.0484576
0.0401734
0.0377316
0.0563191
-0.0162902
-0.00188671
0.0352699
-0.00211651
-0.024523
0.0289319
0.0479536
0.0304181
0.0556776
-0.0275961
0.00305354
-0.0365133
0.0192888
0.00879618
0.06594
0.0418881
0.044102
0.0332877
-0.0198577
-0.00481562
0.0137825
-0.0276317
-0.00137664
0.0616299
0.0418768
0.0633646
0.0716257
0.0187931
0.134125
0.246304
0.218553
0.061397
0.0519533
0.0679823
-0.0670299
-0.107399
-0.102815
-0.0984241
0.0289226
-0.0518605
-0.0942502
-0.13289
-0.061698
0.0692793
0.0572513
0.0638886
0.20025
0.21033
0.0993975
0.0429091
0.0697701
0.0653098
-0.0798905
-0.112821
-0.088757
-0.0342328
0.0282307
-0.108971
-0.146892
-0.151394
-0.0813299
0.0492731
-0.045143
0.00540856
0.0537184
-0.00928901
0.0380011
0.0311922
-0.0520005
0.040939
0.00233684
-0.0777831
-0.0124679
0.0282586
-0.00885728
0.0363097
0.0130555
-0.0426113
-0.0252782
0.054255
-0.0621115
0.0332777
0.0687324
-6.72828e-005
0.0448259
0.00494386
-0.0761223
0.0339312
-0.0254409
-0.0645078
0.0184535
0.0249554
-0.0170769
0.0140293
-0.0130079
-0.0987025
-0.0313914
0.0757471
0.000573593
-0.0378342
0.0258617
0.0238323
0.0172521
-0.0499221
-0.0356646
0.0534855
0.126735
-0.0238798
-0.0368287
0.0604556
0.0233677
0.0681533
-0.0129578
-0.0991218
0.0798615
0.0366732
-0.00859634
0.00186772
0.0633823
0.0490893
0.120917
0.00694511
-0.00605908
0.0644731
0.0984671
-0.00198885
-0.0178624
0.0582082
0.0160655
0.0787699
0.0186479
-0.0659396
0.0804287
-0.0176751
-0.0866847
-0.0424367
-0.00509376
0.0850935
0.162819
0.194301
0.0243923
-0.0169263
0.046242
-0.0137699
-0.0264651
-0.0218671
0.0512249
0.148807
0.241553
0.236153
0.140612
-0.024108
-0.0850896
-0.0937016
-0.0408114
0.0159198
-0.0151057
0.0221345
-0.0807841
-0.0130862
0.0421558
-0.0424959
-0.0545839
-0.0130636
0.0292334
0.0305339
0.0511621
0.0706205
0.0911018
0.211316
0.165067
0.0132735
-0.0628935
-0.0695995
-0.0312557
-0.00297834
0.0725161
0.144429
0.16652
0.234267
0.1394
-0.0327447
-0.0273977
0.0753398
0.0752328
-0.0219394
0.0219371
0.117534
0.0680672
-0.0211372
-0.0429598
-0.0275259
-0.0446557
-0.0526995
-0.0275894
0.0690454
0.0532599
0.112183
0.0478741
-0.0309626
0.000632288
0.0400138
0.000252124
-0.0948104
-0.0267252
-0.0182634
0.117413
0.0996925
0.0041705
0.00434552
0.231362
0.270177
0.108939
-0.0816837
-0.141729
-0.0323376
-0.0120525
-0.0907217
-0.10811
0.00517349
0.0870276
0.00241554
-0.118648
-0.0683455
0.0238881
0.014915
-0.0464973
0.0414058
0.195616
0.287555
0.165344
-0.0428008
-0.124352
-0.0902293
-0.0849892
-0.113787
-0.0533912
0.0229864
0.183108
0.157943
0.0203475
-0.0717892
0.0473002
0.051932
0.0182767
-0.048415
-0.0591619
-0.0391872
0.0408618
-0.03887
0.00931153
0.0497232
-0.0215649
-0.0364402
-0.0976046
-0.0745892
-0.0983766
0.00155784
-0.0607276
-0.0105354
0.0163126
0.0389863
0.0138697
0.044306
-0.0110057
0.0500476
0.214446
0.108444
0.0507255
0.0421386
0.0260817
0.00969809
-0.0166027
-0.0528832
-0.0913301
0.0649587
0.0641099
0.0136549
0.0419474
-0.0436487
-0.0453165
-0.0875678
-0.0495085
-0.0577906
0.0549432
-0.0188793
-0.0507924
0.0144128
-0.0385854
-0.0541797
-0.0912788
-0.0865779
-0.031686
0.0638436
-0.0181476
0.0304752
0.0909811
0.0530244
0.0178357
-0.0218196
-0.0335047
-0.0127709
0.122443
0.0265
-0.00303012
0.0745843
0.0416795
0.0166289
-0.00395945
-0.00245278
0.0391385
0.163944
0.0564665
-0.0496718
0.0313488
-0.00174498
-0.00615449
-0.0932364
-0.0497748
-0.0461326
0.0858155
0.0203258
-0.0447326
-0.0230545
-0.0485395
-0.040476
-0.0888534
-0.0726029
-0.0712256
0.0453615
0.0065938
0.0347118
0.0694136
0.0273599
0.0264636
-0.0364417
0.0102324
0.0676795
0.197523
0.0814605
0.0463175
0.0439852
0.0284016
0.00426675
-0.00518884
-0.079548
0.00302723
0.116028
0.117999
-0.0800253
-0.00220752
-0.0305028
0.0176634
-0.0654702
-0.0598144
-0.0513173
0.0683476
-0.0161808
-0.0116174
0.0152609
-0.0584707
-0.015445
-0.0274316
-0.0727889
-0.0658928
0.0210233
-0.0522936
0.0677802
0.0923572
0.033217
0.0371352
0.00728091
-0.0583254
0.00944983
0.106697
0.151712
0.135902
0.114272
0.0163218
0.0407824
0.0176966
-0.0314096
-0.0145455
0.0927918
0.137492
-0.000664108
0.0423125
-0.062199
-0.0187406
-0.0518853
-0.0784987
-0.0715827
0.0221899
-0.0831495
0.0337327
0.0295334
-0.105545
-0.0115432
-0.00744614
-0.0596518
-0.0841951
0.013454
0.0130783
0.130602
0.139295
-0.00431312
0.0516979
0.0418812
-0.0226929
-0.05688
0.0384019
0.0653997
0.0673128
0.089602
-0.0352441
0.0519073
0.073593
-0.0217344
-0.0653575
-0.00302705
0.0686797
0.0237873
0.0510405
-0.0963722
-0.0410735
-0.0315501
-0.0539052
-0.0733529
0.0229117
0.0112623
0.048681
0.0141949
-0.0840761
-0.0866825
-0.0753602
-0.0738778
-0.0240447
0.113498
0.0749684
0.0449578
-0.00244225
-0.0943696
0.00642026
0.0326326
-0.0394516
-0.0451806
0.0254411
0.0526695
0.0354627
-0.0260178
-0.092307
-0.0443635
-0.00386949
-0.0659627
-0.048348
0.0780984
0.0704868
-0.0367847
0.0104839
-0.0500178
-0.0521191
-0.0398557
-0.0637631
-0.0280272
0.129746
0.0212176
0.0403843
0.0333323
-0.0575155
-0.0320236
-0.0200667
-0.0185691
-0.0311633
0.0767998
0.00696211
-0.00956185
-0.0126847
-0.0661988
-0.027634
0.0108252
-0.0589981
-0.0420683
0.0546367
0.0192004
-0.0115381
-0.0491944
-0.0804467
-0.0169813
0.053978
-0.0023875
-0.0369117
0.0120071
-0.0125936
0.0442422
0.0477158
-0.0923718
-0.0443946
-0.0329581
-0.0133224
-0.057939
0.0135454
0.0240889
0.0876688
0.0607214
-0.0654372
-0.0302037
0.00691628
-0.00891472
-0.052269
0.0840159
0.0990956
-0.0567189
-0.0876025
-0.123955
-0.047357
-0.0196705
-0.0403821
-0.0614376
-0.0315451
-0.0409732
-0.0149172
-0.0315688
-0.0782166
-0.0297012
0.0162689
-0.0462951
-0.0825571
-0.0218838
-0.00913841
0.065688
0.0962567
0.0327674
0.032132
0.0385495
0.0760863
0.0634323
0.145242
0.113623
0.041732
0.0599625
0.0250079
0.0192303
0.00486505
-0.0201688
0.0620907
0.116658
0.0949749
-0.00290261
0.0367824
-0.00290957
0.000765566
-0.0152726
-0.0400732
-0.0248878
0.0531852
0.000226478
-0.0546515
-0.0191217
-0.0103012
-0.043716
-0.0329114
-0.123306
-0.0771434
-0.0271257
-0.0297505
0.098673
0.0998098
0.1553
0.217426
0.188808
0.0920831
0.0845241
0.117285
0.1061
-0.0254653
-0.0691749
-0.0280412
0.061399
0.030394
-0.0804959
-0.101715
-0.0933152
-0.0291169
0.068409
0.0514784
0.0877222
0.126269
0.103287
0.0388082
0.00167776
0.00192623
0.0270818
-0.0454606
-0.0850967
-0.0505109
0.00223575
-0.0167526
-0.100635
-0.0960847
-0.113346
-0.0632026
0.0732928
-0.00830062
0.0372608
0.0829369
-0.0509292
0.0235584
-0.0031084
-0.0391416
0.0538563
-0.027483
-0.0236993
0.0378268
0.0509668
-0.0200517
0.0447053
-0.0279513
-0.0699577
-0.0229855
0.0617874
-0.003606
0.0148324
0.0550717
-0.044718
0.0118702
0.012347
-0.0203988
0.0694142
-0.0257237
-0.00247288
0.07513
0.0580703
-0.00367158
0.0208125
-0.00767715
-0.0429919
-0.0125498
-0.0046547
-0.00872165
-0.00570334
0.0267095
0.0177723
0.052935
-0.0163645
-0.0190314
0.0450437
0.0524398
0.00377711
-0.00408659
0.0413248
-0.00869087
-0.0106171
-0.0284912
-0.016994
0.0746356
0.00426987
-0.0244593
-0.0396241
0.00389316
0.0929238
0.069931
-0.0143559
0.0134088
0.0508943
0.0887908
0.00349289
0.0105304
0.0480799
0.0739942
0.0435186
-0.0195694
0.0331585
0.122098
0.00457924
-0.0304074
-0.0315979
0.0446773
0.0450998
-0.0558855
-0.024647
-0.0429542
0.0045804
0.0356114
-0.0147329
-0.0252458
0.0132508
0.04084
0.0194466
-0.0259237
-0.0246359
0.0411738
0.0755197
0.0066826
-0.0238703
0.0159864
0.0337268
-0.0242327
-0.0442992
-0.0101059
0.0661693
0.058946
-0.00891124
-0.00999016
0.0120904
0.0651539
0.0115837
-0.0666008
-0.0466009
0.0447365
0.0316522
0.0164113
-0.00660242
0.017664
0.0762089
0.00156603
-0.0628753
-0.0615547
-0.00748072
0.00103565
0.0807789
0.0319535
0.00591857
0.067751
0.0216055
-0.0399936
-0.0723126
-0.0390216
0.0314276
-0.0103684
0.0269358
0.00392709
0.0811522
0.0334579
-0.046021
-0.0414922
0.0139918
0.0446384
0.0602047
0.0284991
-0.0184041
0.0588115
-0.0234407
-0.0289678
-0.0359294
-0.0119426
-0.0149845
0.0617889
0.0342374
-0.0185889
0.0245455
0.0452545
0.121741
0.0805628
-0.0404318
-0.0812023
-0.0433915
-0.00931361
-0.0400044
-0.0365613
-0.0103052
0.0702295
0.157923
0.0280702
0.0469702
0.0331139
-0.012546
-0.0543257
0.0312881
-0.0653561
-0.0359163
0.0113261
0.00408444
-0.0112906
-0.00841032
-0.0542239
-0.0598899
0.00554903
-0.07848
-0.0444976
0.052952
0.0562289
-0.0574751
-0.00544334
0.00548286
-0.0027524
0.00887382
-0.0348902
-0.0383001
0.182889
0.107439
-0.057955
-0.0186885
-0.00896787
0.00286699
-0.00174529
-0.0359323
-0.11045
0.0678779
0.0571893
-0.00371818
0.00459352
-0.00862075
-0.00446194
0.0853646
-0.0405153
-0.0382908
0.0908031
0.104182
-0.01815
-0.0155486
-0.0405628
-0.00984887
0.0414779
-0.085573
-0.109226
0.0365185
0.0390217
-0.0718922
0.0245925
0.0420981
0.0362471
0.045635
-0.00917784
-0.0251467
0.091949
0.0224398
-0.0941392
-0.0176477
-0.00370923
-0.00779083
0.0142569
0.0135053
-0.0072948
0.0666303
-0.0302337
0.0238456
0.0320835
-0.0225798
0.0251234
0.063519
-0.027594
-0.0482354
0.0708105
0.0338573
0.00441892
0.0256876
-0.0431322
-0.016794
0.0386841
-0.0186603
-0.041358
0.0394463
0.0163688
-0.0402682
0.0112821
0.0223864
0.0262583
0.0134396
0.00133294
0.0102982
0.117738
0.0356887
0.000589482
0.0165203
0.0104392
0.00107692
0.0197786
-0.0586185
-0.0100225
0.0874113
0.0566054
0.0109266
0.0375158
-0.00922552
0.011268
0.060027
-0.0122092
-0.0191237
0.0297402
0.0134585
-0.0165057
0.0331801
-0.0143594
-0.00334762
0.0354103
-0.0375904
-0.0232751
0.0102368
-0.00682785
0.010733
0.0690617
0.0488815
0.0358846
0.00269107
-0.0161363
-0.0162752
0.0836096
0.0761881
0.0557048
0.0464849
0.0211954
0.0419022
0.0300658
0.0118466
-0.0316426
0.0415622
0.0377573
0.0417245
0.0520232
-0.000158211
0.00432817
-0.00315571
0.000834131
-0.00482481
0.0315918
0.0280207
0.0184904
0.0156669
0.0091828
-0.0158653
0.000108001
-0.0220461
-0.0406909
0.00337043
0.0133479
0.0411927
0.0845699
0.0386995
0.0854107
0.09555
0.0527572
-0.0459818
0.0187935
-0.00716933
0.0207704
0.0189186
-0.0213917
0.0673442
0.103876
0.0611734
-0.0113877
0.0065632
0.0209184
-0.00894145
0.0242919
-0.0369501
0.0168917
0.0286501
-0.000419294
-0.036288
-0.0215338
-0.00986378
-0.0210282
-0.0264372
-0.0841252
-0.0288748
0.0270211
8.06973e-005
-0.0362234
0.000759985
0.0123703
-0.0529163
-0.0453551
-0.049505
0.0438317
0.051891
0.0287023
-0.012056
0.073737
0.0130067
-0.0343901
-0.0527235
-0.0641369
0.0319364
0.0523966
0.0288666
-0.0237638
0.0666517
0.000228969
-0.041598
-0.0148935
-0.0531389
-0.0188385
-0.00217912
0.00243777
-0.0586365
0.000679642
0.00622941
-0.030698
0.00868037
-0.0159186
-0.0113832
-0.024753
-0.016763
-0.0803493
-0.0133937
-0.0216685
-0.0148021
-0.00740034
-0.0127529
0.0842502
0.118158
0.0469369
-0.00443292
0.0423694
0.0472078
-0.0380063
-0.0742717
-0.027931
0.0624378
0.102075
0.0423425
-0.0367911
0.0130958
-0.00769181
-0.0348609
0.00319106
-0.0283651
0.0307553
0.0121645
-0.0107186
-0.0273556
-0.0132189
-0.040257
-0.100859
-0.0383792
-0.0518166
0.00311526
0.000942103
-0.0204461
-0.0637328
-0.0453023
-0.0803204
-0.0468497
-0.0421255
-0.0280616
0.061813
0.0747501
0.0434262
0.00155328
0.0421182
0.032398
-0.0214058
0.0118622
-0.00372718
0.0708116
0.0603507
0.00541255
0.0173843
0.0435841
0.00627506
-0.0404354
-0.0368892
-0.0436836
0.00670256
0.00428262
-0.00506961
-0.0353779
-0.0203041
-0.0128953
-0.0508708
-0.0733049
-0.044676
-0.0613908
-0.0365094
-0.0561016
-0.0173102
-0.0184041
-0.00905561
-0.00104243
0.0760527
0.0824834
0.107671
0.0890967
0.057555
0.0549931
0.0789033
-0.000501471
-0.013989
0.069506
0.068173
0.0456667
0.0220708
-0.009107
-0.00759765
0.0338877
0.00259611
-0.0394127
-0.0221142
-0.0132507
-0.0424079
-0.0182881
0.0229956
0.00527829
-0.0148409
-0.0359199
-0.0394833
-0.0498388
-0.0345862
-0.0583451
-0.047673
-0.0408151
-0.0561616
-0.0761272
-0.0681086
0.0449878
0.0842702
0.0780227
0.11656
0.062046
0.0582868
0.0201876
0.0141462
0.00969161
-0.0162203
-0.0185726
-0.0417098
0.027506
0.0120046
-0.0119148
-0.0301992
-0.0778459
-0.046472
0.0543526
0.0264275
0.0276569
0.0326844
0.00671923
-0.0209095
0.0271978
-0.0178821
0.0110939
0.026573
-0.0307742
-0.0722418
-0.0452124
-0.0497894
-0.0308256
-0.00533002
-0.0347997
0.00205171
0.0393438
-0.0138696
-0.0380419
0.0210847
-0.0419422
0.0243147
-0.017435
-0.0447774
0.0211499
-0.0299711
-0.0435727
-0.00356406
0.0143123
0.01559
0.0533807
-0.0179362
-0.0545688
-0.0553421
0.0976445
-0.0154109
-0.0669126
0.00208846
-0.0262371
0.0948091
0.0193241
-0.0393012
0.076914
0.0355972
-0.0360211
-0.0358084
0.00316466
-0.00148307
0.0455345
0.00875112
-0.0440544
-0.00405913
0.0403805
-0.0288256
-0.035343
-0.00578472
0.0659737
0.0589314
-0.00416998
0.00545865
0.0515151
0.0725303
-0.0274304
-0.00770222
0.0579605
0.0794304
0.0699338
-0.0274766
0.0111501
0.0787978
0.0548088
-0.029724
-0.013308
0.0590791
-0.0224629
0.0905267
0.0328422
0.00045072
0.037707
0.0975671
-0.00583309
-0.015273
0.121168
-0.0609091
0.0971118
0.00523997
-0.0047103
0.0821286
0.0474688
-0.00518999
-0.00797987
0.044983
0.0502521
0.00927873
-0.0018676
-0.012783
0.0298695
0.0476808
-0.0260816
-0.0226961
0.023494
0.0964499
0.0555155
0.0205838
0.010452
0.0724887
0.0862821
0.00473111
-0.00777138
0.0840945
-0.0454043
0.0673375
0.0095844
-0.0618958
0.026127
0.0578791
0.0267418
0.0341549
0.0855767
-0.0395977
0.0742662
0.0281166
-0.0160964
0.0432186
-0.00137192
-0.0118047
0.0270038
0.0248374
0.06276
0.011221
0.0162307
0.017122
0.0364835
-0.0158908
-0.000323028
0.00209393
0.00236301
0.0263694
-0.00779578
-0.0134932
-0.00509929
-0.0188346
-0.00232694
0.00710958
0.0122369
0.114158
-0.0447116
0.0739158
0.029765
0.00329568
0.0356931
0.0377018
0.00752795
0.0288405
0.0850246
-0.0586486
0.0777871
0.0273711
0.0520643
0.0698914
0.00186002
0.0227285
0.00681811
-0.00741605
0.0392601
-0.027597
-0.0106702
0.0155962
-0.00136155
0.00179505
0.0324937
-0.011116
-0.0136924
0.0411358
-0.0238854
-0.0268768
0.0149238
0.0231872
0.0160921
-0.00855415
-0.00916915
0.0345813
-0.112536
0.0349695
0.0323309
0.0358203
0.0277515
0.00492376
0.0220446
-0.0250571
0.0530934
-0.111737
0.00983303
-0.0166647
0.00761265
-0.0163063
-0.0116785
0.103983
0.0504297
0.0591604
0.132878
-0.00560205
-0.035879
0.0452975
0.00576044
0.00248594
0.0441928
-0.0133957
0.0183935
0.104662
-0.0644693
-0.0840642
-0.0101833
-0.0302968
-0.00679623
0.0581145
0.0194488
0.0737032
-0.0411795
0.0399146
-0.038887
-0.00736335
-0.0304506
-0.012738
0.00776154
-0.0342906
0.0339938
-0.0404448
0.0178167
-0.0872095
-0.0648727
-0.0464009
0.0312701
0.0624794
-0.0255487
0.0254891
0.110026
0.00773334
-0.0488972
0.0358463
0.0350031
-0.00730648
0.026042
-0.0435311
0.0285688
0.0874418
0.017739
-0.0598234
0.00198219
0.00650356
0.000959589
0.029273
-0.0248272
0.0328663
-0.0441509
0.0681832
-0.0489299
-0.0380274
-0.0327363
-0.0274093
0.0115524
-0.0718795
0.0184312
-0.0708336
0.0427763
-0.0741569
-0.0728081
-0.0356261
0.0194077
0.075578
0.0035511
0.0327567
0.110638
0.052105
-0.0331329
0.00175507
0.00313337
-0.00381777
0.0471637
-0.0532875
-0.000338444
0.0849643
0.0383255
-0.0509865
-0.00840301
-0.0301983
0.00062737
0.049222
-0.0291138
0.00592721
-0.0639609
0.0682369
-0.0614148
-0.0557248
-0.00767929
0.000334113
0.0318961
-0.0841488
-0.00514761
-0.0532203
0.0774462
-0.0788113
-0.0392747
-0.0279637
0.0757649
0.0707414
-0.0322419
0.0332317
0.0385289
0.0502152
0.0171164
0.0389137
0.0278933
0.0361125
0.0241469
-0.036244
-0.0271539
-0.0119759
-0.0402687
-0.021358
-0.00680207
0.000223727
0.0183432
0.057065
-0.0672372
0.0292994
-0.078977
0.0879687
-0.0193567
0.031375
0.00699589
-0.00943312
0.0323661
-0.0401435
0.0214397
-0.112636
-0.0373706
-0.0546603
-0.0390275
-0.0285767
-0.015136
0.0226435
-0.0205055
0.0275125
0.010571
0.00428218
0.0121251
-0.0115286
0.0169271
-0.0153501
0.0201274
-0.0276373
-0.00780516
0.0241237
0.0332419
0.0156507
0.00879674
-0.0125391
-0.0209966
0.0378661
-0.00120834
0.0614693
-0.0730274
0.0502332
0.00186832
-0.0177371
-0.0576825
-0.0286037
0.00471272
-0.0250863
0.0519182
-0.0996219
0.0360616
-0.0172621
-0.00665704
-0.0401578
0.0299982
0.0450952
-0.0305451
-0.00836445
0.00457502
0.0446466
-0.0160805
-0.00100136
0.0199222
0.024536
0.0345292
-0.0280457
-0.00447977
0.0080791
0.0266714
-0.0636714
-0.0133464
0.0044275
-0.000144199
-0.00316317
-0.063545
0.0260991
-0.139313
0.0178581
-0.0448631
-0.0328799
-0.0448595
-0.0223837
-0.00722414
-0.078503
0.0437599
-0.100777
-0.00406467
-0.048638
-0.0185655
-0.019252
-0.00760364
0.0291674
-0.00386298
0.0461968
0.0388889
0.0551287
0.00184458
0.0124896
0.0102809
-0.0438541
0.0178084
-0.0333163
0.0186269
0.0279218
0.0401116
-0.00475648
-0.00878076
-0.0412505
-0.0369105
0.0008068
-0.069607
0.0280728
-0.0772249
0.0628205
-0.000320356
0.00174584
0.00243846
-0.0362677
0.0113485
-0.0320573
-0.0157188
-0.132024
0.0243487
-0.0189927
-0.0253266
-0.00344467
0.0191665
-0.0158744
-0.0364926
0.0395282
0.0594271
0.0432541
0.00131551
0.00193144
0.00567622
-0.0126291
-0.0622042
-0.0614828
-0.028649
0.0133939
-0.0233678
-0.0181984
-0.0490317
-0.0235867
-0.0202397
0.00724717
-0.0391278
0.0245081
-0.0996014
0.0659191
0.0149261
-0.0283451
-0.0323447
-0.0605609
-0.0407037
-0.0702317
0.0323222
-0.14135
-0.000985409
-0.014624
-0.0402259
-0.0530039
0.00132109
0.00669928
0.00741334
0.0277653
0.0503235
0.075083
0.0484037
0.00847787
0.0103112
-0.0254397
-0.00664209
0.00392312
-0.0252282
0.0292864
0.0112742
0.0161643
-0.00140826
-0.0194415
-0.0202767
0.00719373
0.00351488
0.0577408
-0.100557
0.0836899
0.0579968
0.0177541
-0.0319168
-0.043472
0.0189559
0.0116312
-0.0129084
-0.0821721
0.0303023
0.00877756
-0.0052823
-0.0546064
0.0085296
0.00794928
-0.0118637
0.00308559
0.0498269
0.0188924
0.0581481
0.0410387
0.0149314
-0.0172889
-0.0520646
-0.0335655
-0.0158948
0.0344226
0.0202343
0.0303531
-0.0051371
-0.0339692
0.00483344
0.0625309
0.00513552
0.0373979
-0.0444022
0.0712887
0.0637219
0.039589
-0.0121919
-0.00246827
-0.00447638
0.00632179
0.0340708
-0.0685243
0.042275
0.0356821
-0.0312375
-0.0102675
0.0317038
-0.059662
-0.0491806
0.00318634
-0.00409061
0.019548
-0.0215987
-0.0513711
0.0206247
0.0126817
-0.00987034
-0.0105136
0.0052595
-0.00492081
-0.00313963
-0.031972
-0.060377
0.00994462
0.0401031
-0.0318413
-0.00166587
0.0276507
-0.118371
0.0495855
-0.0117616
-0.0517922
0.0374878
0.0542899
0.0418064
0.0241452
0.00127196
-0.133585
0.0570905
0.00365942
-0.0505102
0.0189549
-4.99927
